# Created by Octave 4.0.3, Thu Nov 17 12:53:37 2016 EST <foranw@reese-loeff114>
# name: durs
# type: scalar struct
# ndims: 2
 1 1
# length: 4
# name: block
# type: cell
# rows: 1
# columns: 3
# name: <cell-element>
# type: matrix
# rows: 1
# columns: 54
 104.6 104.6 104.5 104.6 104.6 106 104.6 104.7 104.6 104.5 104.6 104.6 104.8 105.3 105.3 105.3 105.3 105.3 105.3 105.3 105.3 105.3 105.3 105.3 105.3 105.3 105.3 104.7 104.6 104.6 104.8 104.6 104.8 104.7 104.7 105 104.7 105 104.6 104.6 104.5 105.3 105.3 105.3 105.3 105.3 105.3 105.3 105.3 105.3 105.3 105.3 105.3 105.3



# name: <cell-element>
# type: matrix
# rows: 1
# columns: 54
 99.90000000000001 99.90000000000001 99.90000000000001 99.90000000000001 99.8 99.90000000000001 99.90000000000001 99.90000000000001 99.8 99.90000000000001 100.6 99.8 100 99.8 96.5 96.40000000000001 96.40000000000001 96.59999999999999 96.59999999999999 97.3 96.5 96.5 96.5 96.40000000000001 96.40000000000001 96.59999999999999 96.5 99.90000000000001 99.90000000000001 99.90000000000001 99.8 99.90000000000001 100.3 99.90000000000001 99.90000000000001 100.1 99.90000000000001 99.90000000000001 99.90000000000001 100 96.5 96.40000000000001 96.5 96.59999999999999 96.3 96.90000000000001 96.7 96.5 96.59999999999999 96.59999999999999 97.09999999999999 96.59999999999999 96.5 96.40000000000001



# name: <cell-element>
# type: matrix
# rows: 1
# columns: 54
 91.09999999999999 90.90000000000001 90.90000000000001 91 90.90000000000001 90.8 91.2 91 90.90000000000001 91.09999999999999 91.5 90.90000000000001 91 90.90000000000001 95.3 95.2 95.2 95.2 95.3 95.40000000000001 95.40000000000001 95.3 95.40000000000001 95.2 95.2 95.3 95.3 91 90.90000000000001 90.90000000000001 90.90000000000001 91.09999999999999 92.5 90.90000000000001 90.90000000000001 91 91.09999999999999 90.90000000000001 91.2 91 95.3 95.09999999999999 95.2 95.3 95.3 95.09999999999999 95.59999999999999 95.2 95.2 95.3 95.40000000000001 95.2 95.2 95.2





# name: mb_breaks
# type: cell
# rows: 1
# columns: 5
# name: <cell-element>
# type: matrix
# rows: 1
# columns: 27
 21.4 21.4 21.2 21.3 21.5 22.2 21.7 22.9 21.7 21.4 21.3 21.4 21.6 21.7 21.3 21.4 21.5 21.3 22.5 21.4 21.6 21.4 21.5 22 21.4 21.3 21.3



# name: <cell-element>
# type: matrix
# rows: 1
# columns: 54
 20.5 20.5 20.5 20.5 20.5 20.5 20.5 20.5 20.5 20.5 20.5 20.5 20.5 20.5 20.7 20.6 20.4 20.6 20.6 20.8 20.8 20.6 20.6 20.5 20.4 20.6 20.7 20.5 20.5 20.5 20.5 20.5 20.5 20.5 20.5 20.5 20.5 20.5 20.5 20.5 20.8 20.4 20.6 20.6 20.5 21.1 20.7 20.6 20.5 21 21 20.5 21.2 20.6



# name: <cell-element>
# type: matrix
# rows: 1
# columns: 27
 22 21.8 21.9 21.9 21.8 21.8 21.9 22.1 21.9 22.7 23 21.9 21.8 22 21.8 21.8 21.8 21.8 21.9 22.6 21.8 21.8 21.8 21.8 21.8 22 21.9



# name: <cell-element>
# type: null_matrix
# rows: 0
# columns: 0



# name: <cell-element>
# type: null_matrix
# rows: 0
# columns: 0





# name: mbids
# type: matrix
# rows: 3
# columns: 1
 12
 23
 31


# name: m
# type: matrix
# rows: 27
# columns: 17
 104.6173806654406 96.49301317852223 95.3434708067216 99.87415392248658 90.96523789910134 105.3100088155479 21.35924080584664 20.68070108641405 20.5100283434731 21.76073535467731 1 2 3 2 3 1 20151015
 104.5756831193576 96.42541400110349 95.21102159947623 99.93698853533715 90.91318154463079 105.3100399653194 21.44526330893859 20.6209341797512 20.51097015547566 21.82142342196312 1 2 3 2 3 1 20150309
 104.53013937996 96.37375644852 95.16134576356853 99.85039131165831 90.91006218500843 105.3100378975505 21.24788158356387 20.44916797931364 20.5100542758446 21.83407321445702 1 2 3 2 3 1 20160311
 99.91313836397603 91.0604999368079 105.3100116502028 104.6652287833858 96.52442377642728 95.31970983813517 20.50998253328726 21.99244358856231 21.74297702033073 20.81631501740776 2 3 1 1 2 3 20141104
 104.5831442078925 96.63398602459347 95.21288519032532 99.78934354975354 90.89175842388067 105.3100403121207 21.30902507161954 20.63003600062802 20.51000664575258 21.76769050461007 1 2 3 2 3 1 20141118
 99.85818316566292 90.86505513149677 105.3100287984944 104.5728615218995 96.40115473950209 95.10946262757534 20.50887244915975 21.84486853796807 21.25156389930635 20.39686523711316 2 3 1 1 2 3 20141230
 99.94493028926809 90.8683991431526 105.3099839682291 104.5689913842798 96.48370873201384 95.20711291287262 20.51002729355605 21.86370054989493 21.44683810850984 20.57495229139568 2 3 1 1 2 3 20150105
 99.94136592368432 91.00826330880227 105.3100088155497 104.8057433005852 96.64829073184501 95.29932551774255 20.51016272894958 21.8919883490571 21.49125741788703 20.63682036892351 2 3 1 1 2 3 20150203
 99.80883101758081 90.85892986436374 105.3100214141887 104.6410076673492 96.34768855175935 95.25455344642978 20.51081820827676 21.76804886595346 21.30270650313469 20.47953018266708 2 3 1 1 2 3 20150129
 104.5507403302472 96.63311018495006 95.30031171247174 99.92588683370923 91.06516355018175 105.3100284485299 21.459497501437 20.59668108632832 20.50997693390673 21.93185756066305 1 2 3 2 3 1 20150407
 99.87986907955201 90.84084465786873 105.3100445468444 104.8450625728437 96.92118927389674 95.09258983824111 20.51012636830274 21.80479701943113 22.48362923329114 21.12487081972358 2 3 1 1 2 3 20150529
 99.94238361392672 91.16958436032655 105.3099727694371 104.6542372905078 96.65794094106968 95.55637174530784 20.51003044321806 21.88528342218342 21.36450563806648 20.701253669793 2 3 1 1 2 3 20150721
 105.9940149454851 97.32485071484916 95.40804689214201 100.3225798097701 92.46228194289142 105.3099657701932 22.24757169939403 20.8085538474661 20.50998039861588 22.56068258038067 1 2 3 2 3 1 20150728
 104.5625604778543 96.54127402359882 95.40767908181078 99.89001316207941 90.94923797468437 105.3098408336627 21.74424828281917 20.81689029838162 20.51003009325359 21.80916943107877 1 2 3 2 3 1 20150908
 99.91047024243744 90.95388671192632 105.3098895130388 104.7277655076614 96.54703176722978 95.24650517718692 20.51004587671196 22.05512729746988 21.56502828930388 20.5590008682484 2 3 1 1 2 3 20151002
 99.83398700450198 90.86081511109296 105.3111601913733 104.9628697045046 96.58157007766931 95.24850049922316 20.51003359287643 21.86469584255246 21.39209561248572 20.4651435842643 2 3 1 1 2 3 20160404
 99.92688903497765 91.11378567822976 105.3099083763664 104.7197083933861 96.56140805210453 95.27618251374224 20.51010008569574 22.73263268556911 21.46894697408425 20.95751108246623 2 3 1 1 2 3 20160711
 104.738460391658 96.49392095934672 95.29774927986182 99.91440488185071 90.92559006467673 105.3100085006117 22.85192345178802 20.57813197192991 20.51002942842933 21.84981632166637 1 2 3 2 3 1 20151230
 100.5993166613043 91.45840911500272 105.31014813605 104.9512381883105 97.06769483606331 95.43013486542623 20.51000038147322 22.97491496760631 22.02164104176336 20.95072794152657 2 3 1 1 2 3 20160215
 99.8308103970985 90.88125185698755 105.3100385623411 104.5580925097229 96.64962653777775 95.18045068839319 20.51000839559447 21.86877360276685 21.36405348683184 20.54948623790915 2 3 1 1 2 3 20160307
 104.6100458065594 96.49256452691407 95.36712755529152 100.1027685164154 91.01014785555526 105.3100021662649 21.6712297078775 20.57608616910875 20.50972632601406 21.83739108737427 1 2 3 2 3 1 20160510
 99.97545224748319 91.0179296162969 105.3101771473885 104.621768492274 96.49735061073443 95.17995164223248 20.51000979542732 21.84606560182874 21.34830448534922 21.22119154449319 2 3 1 1 2 3 20160425
 104.5386245945265 96.39016413637 95.20923056679021 99.87115814464778 91.05795290261449 105.3100071007575 21.36856719001662 20.52981006432674 20.51011936904251 21.78993617016386 1 2 3 2 3 1 20160412
 99.79474048723932 90.92518086924429 105.3100532607568 104.4986101248978 96.38890080704732 95.23192978637235 20.50997479921716 22.01712400317592 21.3441378347361 20.6327520576906 2 3 1 1 2 3 20160705
